---
world:
  X: 1174.312700
  "Y": 7.000000
  Z: 312.440200
  Yaw: 274
  Pitch: 65
...
